20230005,钱七,60,65,80
20230005,孙八,50,55,80
20230010,王十二,10,15,80
20230011,张十三,0,5,80
20230012,李十四,0,0,80
20230013,王十五,0,0,80
20230014,赵十六,0,0,80
20230001,张三,100,90,80
20230002,李四,90,85,80
20230003,王五,80,80,81
20230004,赵六,70,75,80
20230005,钱七,60,65,80
20230006,孙八,50,55,80
20230007,周九,40,45,80
20230008,吴十,30,35,80
20230009,郑十一,20,25,80
20230010,王十二,10,15,80
20230011,张十三,0,5,80
20230012,李十四,0,0,80
20230013,王十五,0,0,80
20230014,赵十六,0,0,80
20230001,张三,100,90,80
20230002,李四,90,85,80
20230003,王五,80,80,80
20230004,赵六,70,75,80
20230005,钱七,60,65,80
20230006,孙八,50,55,80
20230007,周九,40,45,80
20230008,吴十,30,35,80
20230009,郑十一,20,25,80
20230010,王十二,10,15,80
20230011,张十三,0,5,80
20230012,李十四,0,0,80
20230013,王十五,0,0,80
20230014,赵十六,0,0,80
20230001,张三,100,90,80
20230002,李四,90,85,80
20230003,王五,80,80,80
20230004,赵六,70,75,80
20230005,钱七,60,65,80
20230006,孙八,50,55,80
20230007,周九,40,45,80
20230008,吴十,30,35,80
20230009,郑十一,20,25,80
20230010,王十二,10,15,80
20230011,张十三,0,5,80
20230012,李十四,0,0,80
20230013,王十五,0,0,80
20230014,赵十六,0,0,80
20230003,王五,80,80,80
20230004,赵六,70,75,80
20230005,钱七,60,65,80
20230006,孙八,50,55,80
20230007,周九,40,45,80
20230008,吴十,30,35,80
20230009,郑十一,20,25,80
20230010,王十二,10,15,80
20230003,王五,80,80,80
20230004,赵六,70,75,80
20230005,钱七,60,65,80
20230006,孙八,50,55,80
20230007,周九,40,45,80
20230008,吴十,30,35,80
20230009,郑十一,20,25,80
20230010,王十二,10,15,80
20230003,王五,80,80,80
20230004,赵六,70,75,80
20230005,钱七,60,65,80
20230006,孙八,50,55,80
20230007,周九,40,45,80
20230008,吴十,30,35,80
20230009,郑十一,20,25,80
20230010,王十二,10,15,80
